0 -1 0.321785943647 0.588170197586 0.0
1 -1 0.807307029835 0.24303664862 0.0
2 -1 0.645489635214 0.892950221219 0.0
3 -1 0.697797698061 0.176639975206 0.0
4 -1 0.794474501167 0.424988911144 0.0
5 -1 0.825918763579 0.669762504271 0.0
6 -1 0.274991647057 0.733451686006 0.0
7 -1 0.691178832561 0.204376505365 0.0
8 -1 0.794008991184 0.290947129746 0.0
9 -1 0.263234911318 0.508625655263 0.0
10 -1 0.67709534238 0.350444557992 0.0
11 -1 0.844859047086 0.758668870485 0.0
12 -1 0.818093540583 0.335238347182 0.0
13 -1 0.685446213947 0.37327969732 0.0
14 -1 0.256999806034 0.588101719525 0.0
15 -1 0.823856630872 0.31760071627 0.0
16 -1 0.287255758777 0.492591451786 0.0
17 -1 0.379397506877 0.497528370506 0.0
18 -1 0.286467292159 0.422991826453 0.0
19 -1 0.272281512608 0.456103813315 0.0
20 -1 0.836131464441 0.780367226357 0.0
21 -1 0.263313631001 0.570801464033 0.0
22 -1 0.834930668119 0.760284153688 0.0
23 -1 0.977827075525 0.239035581355 0.0
24 -1 0.841758029249 0.226260970628 0.0
25 -1 0.865289589205 0.743928252756 0.0
26 -1 0.679603987222 0.31989443544 0.0
27 -1 0.246263775526 0.430461971945 0.0
28 -1 0.0812804517322 0.646115266685 0.0
29 -1 0.846241506645 0.753035488963 0.0
30 -1 0.163507251947 0.419951445975 0.0
31 -1 0.652328474163 0.252624350652 0.0
32 -1 0.823604429832 0.77154357035 0.0
33 -1 0.766982698685 0.719606677887 0.0
34 -1 0.663400853144 0.33828493325 0.0
35 -1 0.239235117039 0.542161506904 0.0
36 -1 0.865764899685 0.67021225094 0.0
37 -1 0.218279855661 0.417255014956 0.0
38 -1 0.763579444517 0.30580047235 0.0
39 -1 0.848808279839 0.759753509326 0.0
40 -1 0.917938180845 0.763225232758 0.0
41 -1 0.0469004113806 0.441279991198 0.0
42 -1 0.856339976289 0.781398539521 0.0
43 -1 0.842800993059 0.899824907118 0.0
44 -1 1.03898046774 0.898708788246 0.0
45 -1 0.141464701064 0.643157024819 0.0
46 -1 0.756383617136 0.348803369534 0.0
47 -1 0.754431599286 0.297896819766 0.0
48 -1 0.820247209011 0.339919096868 0.0
49 -1 0.245294979759 0.436934772312 0.0
50 -1 0.86619726015 0.659245204904 0.0
51 -1 0.269086368147 0.526386069646 0.0
52 -1 0.251388258494 0.550340104032 0.0
53 -1 0.888996102482 0.710955660103 0.0
54 -1 0.315669153696 0.564612546598 0.0
55 -1 0.794095565339 0.32387585142 0.0
56 -1 0.907044488531 0.617793165593 0.0
57 -1 0.141414716333 0.657357814225 0.0
58 -1 0.134324808491 0.510678110265 0.0
59 -1 0.88135598898 0.822424961479 0.0
60 -1 0.903032066603 0.73376854122 0.0
61 -1 0.239219338496 0.439797091216 0.0
62 -1 0.274049701 0.484192233496 0.0
63 -1 0.827448483089 0.660062008472 0.0
64 -1 0.847106178936 0.825016229701 0.0
65 -1 0.185246923848 0.582448514206 0.0
66 -1 0.774823779734 0.217337085341 0.0
67 -1 0.781079106281 0.304439009254 0.0
68 -1 0.72426404387 0.437306485981 0.0
69 -1 0.611992270152 1.02913671779 0.0
70 -1 0.716713250196 0.200357349142 0.0
71 -1 0.789434220081 0.825572420071 0.0
72 -1 0.895984881872 0.774312329964 0.0
73 -1 0.894142426614 0.659813036445 0.0
74 -1 0.734446079668 0.287246145363 0.0
75 -1 0.870608007102 0.561340823072 0.0
76 -1 0.857921259244 0.747641341687 0.0
77 -1 0.882925067756 0.347479228002 0.0
78 -1 0.308511060712 0.490157254668 0.0
79 -1 0.769585161381 0.753582496392 0.0
80 -1 0.897374393635 0.748970066385 0.0
81 -1 0.895195395252 0.270892475918 0.0
82 -1 0.844818142811 0.757207992083 0.0
83 -1 0.932051795033 0.256534038767 0.0
84 -1 0.190253591419 0.458755098237 0.0
85 -1 0.348144333239 0.513769371908 0.0
86 -1 0.900421337936 0.689609189749 0.0
87 -1 0.202400321169 0.653316898545 0.0
88 -1 0.934044064621 0.873143701495 0.0
89 -1 0.222076843052 0.751263316124 0.0
90 -1 0.771931171422 0.746879709002 0.0
91 -1 0.843685942984 0.768099089194 0.0
92 -1 0.825035487008 0.687332520428 0.0
93 -1 0.795496403962 0.772392590511 0.0
94 -1 0.328611335374 0.641567213719 0.0
95 -1 0.393937867677 0.324936339029 0.0
96 -1 0.308263828325 0.494275413874 0.0
97 -1 0.723959787705 0.445569297309 0.0
98 -1 0.396820680337 0.540210580304 0.0
99 -1 0.860478259316 0.741884831454 0.0
